((("solarized-dark" .
   [1 0 0 0 0 0 0 0 0 0 0 0 0 0])
  ("load-theme" .
   [1 0 0 0 0 0 0 0 0 0])
  ("spacemacs-dark" .
   [0 0 0 0 1 0 0 0 0 0 0 0 0 0])
  ("print" .
   [1 0 3 0 0])
  ("false" .
   [1 1 1 0 1])
  ("panic" .
   [0 0 2 0 1])
  ("arr" .
   [1 0 0])
  ("float64" .
   [0 0 0 0 0 1 0])
  ("zero" .
   [2 0 0 0])
  ("b" .
   [1])
  ("cap" .
   [1 0 0])
  ("user_name" .
   [0 0 0 0 2 0 0 0 0])
  ("Scan" .
   [0 1 0 0])
  ("append" .
   [0 0 0 1 0 0])
  ("s" .
   [10])
  ("make" .
   [2 0 0 0])
  ("a" .
   [6])
  ("Printf" .
   [7 0 0 0 2 0])
  ("Intn" .
   [0 0 1 0])
  ("Println" .
   [6 0 1 1 0 0 0])
  ("fmt" .
   [3 0 0])
  ("Sqrt" .
   [0 0 1 0])
  ("func" .
   [0 0 0 1])
  ("add" .
   [2 0 0])
  ("int" .
   [7 0 0])
  ("x" .
   [13])
  ("y" .
   [3])
  ("Print" .
   [3 1 0 0 1])
  ("string" .
   [4 0 0 0 0 1])
  ("len" .
   [1 0 0])
  ("global-set-key" .
   [0 0 0 0 0 0 0 0 0 0 1 0 0 0])
  ("kbd" .
   [1 0 0])
  ("godoc-at-point" .
   [0 0 0 0 0 0 0 1 0 0 0 0 0 0])
  ("gruvbox-dark-medium" .
   [0 0 0 0 0 0 0 1 0 0 0 0 0 0 0 0 0 0 0])
  ("go-mode-hook" .
   [1 0 0 0 0 0 0 0 0 0 0 0])
  ("Legs" .
   [0 0 0 1])
  ("walk" .
   [1 0 0 0])
  ("solarized-theme" .
   [0 0 0 0 0 1 0 0 0 0 0 0 0 0 0])
  ("Errorf" .
   [1 0 0 0 0 0])))
